-fflz

1441114444444114 14411414 41 4444111444, 441,,4414141444144444 ·,41.,1

dinem 44444144444, ,1441144444 444411444444, 44444444 44444
414444· 4444-444,,444144441444 44414444441114...

-Ἒ514441144441114441441414 4441444444) Angustum 1444444
4111411444, ,4444444 44 inofficiosi ,444444 4441444 4444414444 114141
4144 ’44411441444 44444144 4444144441(141441141441141144441
41444144, 4444414444 4444 44444414 4444444144 4141444444,
¹¹99. 441441444444441444 444444 m¹5i¹5931¹¹¹k¹¹3
1441141441 4441444 4444444144, 444, ,1444 ,1444114414 ,4414144444 44

44414444444141414444444 ,444414 4444444444 ἶ4444114444, 4144414444144
414, regulis. 4444441444, 444 4144441. 1¹55 44444441 1444114444. ¹¹¹¹
14144444 numquam 14414444, 1444 ¹¹¹¹ 4444441444444414, 4411444
4444444444444444444444 141 44414444441144144441444 ex 55555
4144114444 444444. Antiquissimum igitu5 4444144144, «44,
444444414ιεί· 14411414 maxime ¹¹¹¹¹¹¹¹e¹5i5l¹5¹,¹ Augustus 4,,44ἐΙ
44144411 'Solebat enim 11144444 441441411444,444444’44444441,145,

4444 formasque 4444444444 itaque el. 1444411415 4 44444 .

14444144, primordiis 144114111444144444441, 1444444444 (1414414444,
444444144414-14444 41 4144444444 , 4444441444 41444
4444441444444444144444444414, -44444444414444144444 4414 4414441,
1444414144414414141114444. 1441114 141 14414444 1411414444
55. publicatum 44 4441444444444. Hae 4414414444 444444
414 444444 141141444444, ,44411444 4444444 4444441444ίί4444 144444
4444141414444 4411144 444444, 4444 414444. 14414444 4441444444
44141114444444 4414144444 44444, 114144411114111. 4444144, 4444
1141 44414444 4444411414 44444444, 444444 ,14444 4414444 1441144
4444411141444 44444444· sacramento 444444444414444444 14414444
1141411141444114144444 44444 411141 4444444 ,4141444,ι4,,,’11144
ipsas leges 141144, 141 4441414444, 44444141414444 1444444414 4444
ensibus ,14414 4444144414, ,44444444 44444411444444. 4444441· 4444144141
14444414444444444, 11144114, 44444444 4441444444, 144 44141144444441443
11414444441444. 4444114444 4444 4414144444-

5444444444 444 4144141444,1,14144114 1444114114444414444444
’444 444444, ,144444 danique ,4444441444 1444444 41414444 ¹ 114 44441,
dem 444 4444;1444·44’4114444·14444444 114144444444444444,,,44441444441444
pro-temet ipsis 1441444114144444 144144441444 4448444144, .

 

